       0
       0
       0
    1128
 1894591
    2972
       0
       0
       0
       0
       0
       0
       0
       0
       0
       0
       0
       0
       0
    7484
    4964
    1330
    1266
    1238
    1318
    1259
    1153
    1195
    1188
    1134
    1074
    1158
    1111
    1168
    1100
    1160
    1061
    1079
    1015
    1122
    1038
    1043
    1047
     996
    1017
     985
     957
     937
     891
     944
     927
     951
     955
     890
     895
     844
     860
     834
     831
     794
     834
     752
     781
     789
     750
     729
     704
     742
     696
     694
     699
     690
     667
     668
     698
     687
     647
     663
     653
     645
     628
     643
     601
     610
     608
     550
     628
     574
     615
     536
     555
     554
     545
     550
     517
     538
     597
     561
     488
     526
     517
     492
     493
     484
     480
     427
     461
     440
     500
     441
     455
     415
     419
     430
     437
     423
     384
     414
     421
     431
     413
     379
     369
     372
     388
     392
     341
     394
     357
     351
     354
     321
     357
     337
     347
     322
     320
     331
     326
     289
     295
     294
     286
     320
     306
     284
     299
     291
     273
     261
     265
     273
     264
     269
     254
     239
     274
     262
     243
     249
     236
     272
     234
     274
     248
     239
     225
     258
     228
     219
     217
     225
     229
     223
     213
     222
     212
     200
     228
     208
     203
     189
     204
     202
     203
     231
     182
     204
     183
     188
     183
     178
     182
     182
     164
     201
     174
     212
     159
     174
     185
     158
     180
     168
     175
     154
     159
     146
     132
     154
     158
     158
     157
     152
     146
     149
     152
     149
     135
     147
     159
     122
     119
     136
     137
     149
     117
     139
     127
     129
     112
     133
     129
     133
     128
     117
     106
     118
     122
     131
     125
     129
     113
     114
     126
     103
      89
     129
     107
     117
      87
     128
     117
     111
     116
     114
     109
     128
      88
     114
      98
     114
     108
      87
      88
      93
      91
      87
      84
     120
     105
      94
     101
     101
      88
      94
      97
      82
      96
     100
      88
      89
      92
      98
      87
      96
      89
      89
      83
     104
      77
      90
      89
      80
      81
      78
      90
      61
      78
      84
      74
      68
      73
      67
      80
      69
      84
      78
      74
      74
      73
      83
      69
      58
      77
      64
      69
      71
      72
      76
      63
      67
      68
      73
      83
      66
      53
      65
      64
      54
      65
      74
      80
      58
      63
      57
      77
      66
      66
      66
      63
      71
      71
      67
      65
      63
      64
      60
      56
      54
      62
      66
      60
      70
      66
      59
      63
      50
      67
      51
      50
      49
      71
      52
      46
      57
      47
      66
      61
      46
      62
      49
      58
      56
      57
      57
      51
      52
      44
      55
      54
      38
      41
      70
      37
      46
      54
      39
      44
      64
      46
      32
      40
      53
      54
      43
      45
      48
      65
      42
      49
      42
      34
      53
      48
      48
      51
      49
      42
      43
      41
      53
      45
      38
      48
      42
      39
      44
      33
      41
      32
      40
      47
      38
      32
      40
      37
      42
      35
      64
      45
      50
      29
      40
      37
      34
      44
      41
      23
      38
      28
      38
      36
      30
      45
      26
      42
      30
      35
      46
      45
      49
      40
      47
      44
      44
      32
      34
      49
      24
      28
      37
      35
      38
      35
      37
      37
      39
      37
      44
      41
      38
      29
      34
      34
      27
      38
      34
      40
      47
      38
      44
      31
      32
      27
      32
      29
      39
      38
      34
      29
      33
      45
      32
      37
      29
      30
      34
      37
      36
      33
      33
      37
      35
      27
      27
      33
      27
      27
      29
      13
       0
       0
       0
       0
       0
       0
       0
       0
       0
       0
       0
       0
       0
       0
       0
       0
       0
       0
       0
       0
       0
       0
       0
       0
       0
       0
       0
       0
       0
       0
       0
       0
       0
       0
       0
       0
       0
       0
       0
       0
       0
       0
       0
       0
       0
       0
       0
       0
       0
       0
       0
       0
       0
       0
       0
       0
       0
       0
       0
       0
       0
       0
       0
       0
       0
       0
       0
       0
       0
       0
       0
       0
       0
       0
       0
       0
       0
       0
       0
       0
       0
       0
       0
       0
       0
       0
       0
       0
       0
       0
       0
       0
       0
       0
       0
       0
       0
       0
       0
       0
       0
       0
       0
       0
       0
       0
       0
       0
       0
       0
       0
       0
       0
       0
       0
       0
       0
       0
       0
       0
       0
       0
       0
       0
       0
       0
       0
       0
       0
       0
       0
       0
       0
       0
       0
       0
       0
       0
       0
       0
       0
       0
       0
       0
       0
       0
       0
       0
       0
       0
       0
       0
       0
       0
       0
       0
       0
       0
       0
       0
       0
       0
       0
       0
       0
       0
       0
       0
       0
       0
       0
       0
       0
       0
       0
       0
       0
       0
       0
       0
       0
       0
       0
       0
       0
       0
       0
       0
       0
       0
       0
       0
       0
       0
       0
       0
       0
       0
       0
       0
       0
       0
       0
       0
       0
       0
       0
       0
       0
       0
       0
       0
       0
       0
       0
       0
       0
       0
       0
       0
       0
       0
       0
       0
       0
       0
       0
       0
       0
       0
       0
       0
       0
       0
       0
       0
       0
       0
       0
       0
       0
       0
       0
       0
       0
       0
       0
       0
       0
       0
       0
       0
       0
       0
       0
       0
       0
       0
       0
       0
       0
       0
       0
       0
       0
       0
       0
       0
       0
       0
       0
       0
       0
       0
       0
       0
       0
       0
       0
       0
       0
       0
       0
       0
       0
       0
       0
       0
       0
       0
       0
       0
       0
       0
       0
       0
       0
       0
       0
       0
       0
       0
       0
       0
       0
       0
       0
       0
       0
       0
       0
       0
       0
       0
       0
       0
       0
       0
       0
       0
       0
       0
       0
       0
       0
       0
       0
       0
       0
       0
       0
       0
       0
       0
       0
       0
       0
       0
       0
       0
       0
       0
       0
       0
       0
       0
       0
       0
       0
       0
       0
       0
       0
       0
       0
       0
       0
       0
       0
       0
       0
       0
       0
       0
       0
       0
       0
       0
       0
       0
       0
       0
       0
       0
       0
       0
       0
       0
       0
       0
       0
       0
       0
       0
       0
       0
       0
       0
       0
       0
       0
       0
       0
       0
       0
       0
       0
       0
       0
       0
       0
       0
       0
       0
       0
       0
       0
       0
       0
       0
       0
       0
       0
       0
       0
       0
       0
       0
       0
       0
       0
       0
       0
       0
       0
       0
       0
       0
       0
       0
       0
       0
       0
       0
       0
       0
       0
       0
       0
       0
       0
       0
       0
       0
       0
       0
       0
       0
       0
       0
       0
       0
       0
       0
       0
       0
       0
       0
       0
       0
       0
       0
       0
       0
       0
       0
       0
       0
       0
       0
       0
       0
       0
       0
       0
       0
       0
       0
       0
       0
       0
       0
       0
       0
       0
       0
       0
       0
       0
       0
       0
       0
       0
       0
       0
       0
       0
       0
       0
       0
       0
       0
       0
       0
       0
       0
       0
       0
       0
       0
       0
       0
       0
